9054500272300007
9054500272300022
9054500272300020
9054500272300021
9054500272300023
9054500272300012
9054500272300013
9054500272300011
9054500272300014
9054500272300015
9054500272300016
9054500272300017
9054500272300019
9054500272300018
9054500272300002
9054500272300001
9054500272300129
9054500272300128
9054500272300127
9054500272300126
9054500272300125
9054500272300124
9054500272300123
9054500272300122
9054500272300120
9054500272300121
9054500272300118
9054500272300119
9054500272300131
9054500272300130
9054500272300112
9054500272300113
9054500272300111
9054500272300114
9054500272300192
9054500272300191
9054500272300193
9054500272300195
9054500272300194
9054500272300189
9054500272300190
9054500272300246
9054500272300253
9054500272300251
9054500272300252
9054500272300250
9054500272300249
9054500272300247
9054500272300248
9054500272300266
9054500272300267
9054500272300268
9054500272300265
9054500272300282
9054500232300104
9054500232300098
9054500232300109
9054500232300110
9054500232300111
9054500232300146
9054500232300147
9054500232300132
9054500232300133
9054500232300209
9054500232300214
9054500232300212
9054500232300211
9054500232300210
9054500232300200
9054500232300216
9054500232300215
9054500232300227
9054500232300228
9054500232300244
9054500232300243
9054500232300269
9054500232300268
9054500232300270
9054500232300267
9054500232300266
9054500232300242
9054500232300283
9054500232300287
9054500232300288
9054500232300198
9054500232300197
9054500232300189
9054500232300194
9054500232300186
9054500232300195
9054500232300180
9054500232300183
9054500232300184
9054500232300196
9054500232300306
9054500232300307
9054500232300308
9054500232300305
9054500232300304
9054500352300312
9054500352300311
9054500352300329
9054500352300328
9054500352300326
9054500352300323
9054500352300322
9054500352300320
9054500352300321
9054500352300319
9054500352300333
9054500352300331
9054500352300332
9054500352300330
9054500352300315
9054500352300314
9054500352300313
9054500352300419
9054500352300420
9054500352300327
9054500352300410
9054500232300321
9054500232300302
9054500232300322
9054500232300323
9054500232300324
9054500272300108
9054500272300109
9054500272300183
9054500272300286